const int FONT0_BM_W = 211;
const int FONT0_BM_H = 84;
static const unsigned char s_Font0[] = 
{
    127,0,0,0,0,0,0,0,0,0,0,0,0,0,0,0,0,0,0,0,0,0,0,0,0,0,0,0,0,0,0,0,0,0,0,
    0,0,0,0,0,0,0,0,0,0,0,0,0,0,0,0,0,0,0,0,0,0,0,0,0,0,0,0,0,0,0,0,0,0,0,0,
    0,0,0,0,0,0,0,0,0,0,0,0,0,0,0,0,0,0,0,0,0,0,0,0,0,0,0,0,0,0,0,0,0,0,0,0,
    0,0,0,0,0,0,0,0,0,0,0,0,0,0,0,0,0,0,0,0,0,0,0,0,0,0,0,0,0,0,0,0,0,0,0,0,
    0,0,0,0,0,0,0,0,0,0,0,0,0,0,0,0,0,0,0,0,0,0,0,0,0,0,0,0,0,0,0,0,0,0,0,0,
    0,0,0,0,0,0,0,0,0,0,0,0,0,0,0,0,0,0,0,0,0,0,0,0,0,0,0,0,0,0,0,0,127,0,0,
    0,0,0,0,255,0,255,0,0,0,0,0,0,0,0,0,0,0,0,0,0,0,0,0,0,0,0,0,0,0,0,0,0,0,
    0,0,0,255,0,0,0,255,255,0,0,0,0,0,255,0,0,0,0,0,0,0,0,0,0,0,0,0,0,0,0,0,
    0,0,0,0,255,0,0,0,0,0,0,0,0,0,0,0,0,0,0,0,0,0,0,0,0,0,0,0,0,0,0,0,0,0,0,
    0,0,0,0,0,0,0,0,0,0,0,0,0,0,0,0,0,0,0,0,0,0,0,0,0,0,0,0,0,0,0,0,0,0,0,0,
    0,0,0,0,0,0,0,0,0,0,0,0,0,0,0,0,0,0,0,0,0,0,0,0,0,0,0,0,0,0,0,0,0,0,0,0,
    0,0,0,0,0,0,0,0,0,0,0,0,0,0,0,0,0,0,0,0,0,0,0,0,0,0,0,0,0,0,0,0,0,0,0,127,
    0,0,0,0,255,0,255,0,255,0,0,0,255,0,0,255,0,0,0,255,0,0,0,0,255,255,0,0,
    0,255,0,0,0,0,255,255,0,0,0,255,0,0,255,0,0,255,0,0,255,0,255,0,255,0,0,
    0,0,0,0,0,0,0,0,0,0,0,0,0,0,0,0,0,255,0,0,255,255,0,0,0,255,0,0,255,255,
    255,0,0,255,255,255,0,0,0,0,0,255,0,255,255,255,255,0,0,255,255,0,0,255,
    255,255,255,0,0,255,255,0,0,0,255,255,0,0,0,0,0,0,0,0,0,0,0,0,0,0,0,0,0,
    0,0,0,0,0,0,0,0,0,0,0,0,255,255,255,0,0,0,0,0,0,0,0,0,0,0,0,0,0,0,0,0,0,
    0,0,0,0,0,0,0,0,0,0,0,0,0,0,0,0,0,0,0,0,0,0,0,0,0,0,0,0,0,0,0,0,0,0,0,0,
    0,0,0,127,0,0,0,0,255,0,255,0,255,0,0,0,255,0,0,255,0,0,255,255,255,255,
    0,255,0,0,255,0,255,0,0,0,0,255,0,0,255,0,0,255,0,255,0,0,0,0,255,0,0,255,
    255,255,0,0,0,0,0,255,0,0,0,0,0,0,0,0,0,0,0,0,0,255,0,0,255,0,0,255,0,255,
    255,0,0,0,0,0,255,0,0,0,0,255,0,0,0,255,255,0,255,0,0,0,0,255,0,0,0,0,0,
    0,0,255,0,255,0,0,255,0,255,0,0,255,0,0,0,0,0,0,0,0,0,0,0,0,0,0,0,0,0,0,
    0,0,0,0,0,0,0,0,0,0,0,0,0,255,0,0,0,0,0,0,0,0,0,0,0,0,0,0,0,0,0,0,0,0,0,
    0,0,0,0,0,0,0,0,0,0,0,0,0,0,0,0,0,0,0,0,0,0,0,0,0,0,0,0,0,0,0,0,0,0,0,127,
    0,0,0,0,255,0,0,0,0,0,0,255,255,255,255,255,255,255,0,255,0,0,0,255,0,0,
    255,0,255,0,0,0,0,255,0,0,255,0,0,0,0,255,0,0,0,0,255,0,255,0,255,0,255,
    0,0,0,0,255,0,0,0,0,0,0,0,0,0,0,0,0,0,255,0,0,255,0,0,255,0,0,255,0,0,0,
    0,0,255,0,0,0,0,255,0,0,255,0,255,0,255,0,0,0,0,255,0,0,0,0,0,0,255,0,0,
    255,0,0,255,0,255,0,0,255,0,0,255,0,0,255,0,0,0,0,0,255,255,0,0,0,0,0,0,
    0,0,0,255,255,0,0,0,0,0,0,0,255,0,0,0,0,0,0,0,0,0,0,0,0,0,0,0,0,0,0,0,0,
    0,0,0,0,0,0,0,0,0,0,0,0,0,0,0,0,0,0,0,0,0,0,0,0,0,0,0,0,0,0,0,0,0,0,0,0,
    127,0,0,0,0,255,0,0,0,0,0,0,0,255,0,255,0,0,0,255,255,0,0,0,0,255,255,0,
    255,0,255,255,0,0,0,255,255,0,255,0,0,0,255,0,0,0,0,255,0,0,0,255,0,0,0,
    0,255,255,255,255,255,0,0,0,0,0,0,0,0,0,0,0,255,0,0,255,0,0,255,0,0,255,
    0,0,0,0,255,0,0,0,255,255,0,0,255,0,0,255,0,255,255,255,0,0,255,255,255,
    0,0,0,0,255,0,0,0,255,255,0,0,0,255,255,255,0,0,255,0,0,255,0,0,0,255,255,
    0,0,0,255,255,255,255,255,255,0,0,0,0,255,255,0,0,0,0,255,0,0,0,0,0,0,0,
    0,0,0,0,0,0,0,0,0,0,0,0,0,0,0,0,0,0,0,0,0,0,0,0,0,0,0,0,0,0,0,0,0,0,0,0,
    0,0,0,0,0,0,0,0,0,0,0,0,0,0,127,0,0,0,0,255,0,0,0,0,0,255,255,255,255,255,
    255,0,0,0,255,255,0,0,0,0,0,255,0,255,0,0,255,0,255,0,0,255,0,0,0,0,255,
    0,0,0,0,255,0,0,0,0,0,0,0,0,0,0,255,0,0,0,0,0,0,255,255,0,0,0,0,0,255,0,
    0,255,0,0,255,0,0,255,0,0,0,255,0,0,0,0,0,0,255,0,255,255,255,255,255,0,
    0,0,255,0,255,0,0,255,0,0,255,0,0,0,255,0,0,255,0,0,0,0,255,0,0,0,0,0,0,
    0,0,255,0,0,0,0,0,0,0,0,0,0,0,0,0,0,0,0,0,255,0,0,255,0,0,0,0,0,0,0,0,0,
    0,0,0,0,0,0,0,0,0,0,0,0,0,0,0,0,0,0,0,0,0,0,0,0,0,0,0,0,0,0,0,0,0,0,0,0,
    0,0,0,0,0,0,0,0,0,0,0,0,0,127,0,0,0,0,0,0,0,0,0,0,0,255,0,0,255,0,0,0,0,
    255,0,255,0,0,0,0,255,0,255,0,0,255,0,255,0,0,255,255,0,0,0,255,0,0,0,0,
    255,0,0,0,0,0,0,0,0,0,0,255,0,0,0,0,255,0,0,0,0,0,255,0,0,255,0,0,255,0,
    0,255,0,0,255,0,0,255,0,0,0,0,0,0,0,255,0,0,0,0,255,0,0,0,0,255,0,255,0,
    0,255,0,0,255,0,0,0,255,0,0,255,0,0,0,0,255,0,0,255,0,0,255,0,0,0,255,255,
    0,0,0,255,255,255,255,255,255,0,0,0,0,255,255,0,0,0,0,0,0,0,0,0,0,0,0,0,
    0,0,0,0,0,0,0,0,0,0,0,0,0,0,0,0,0,0,0,0,0,0,0,0,0,0,0,0,0,0,0,0,0,0,0,0,
    0,0,0,0,0,0,0,0,0,0,0,0,0,127,0,0,0,0,255,0,0,0,0,0,0,255,0,0,255,0,0,255,
    255,255,255,0,0,0,0,255,0,0,0,255,255,0,0,0,255,255,0,0,255,0,0,255,0,0,
    0,0,255,0,0,0,0,0,0,0,0,0,0,0,0,0,0,0,255,0,0,0,0,0,255,0,255,0,0,0,0,255,
    255,0,0,255,255,255,0,255,255,255,255,0,255,255,255,0,0,0,0,0,255,0,255,
    255,255,0,0,0,255,255,0,0,255,0,0,0,0,0,255,255,0,0,0,255,255,0,0,0,255,
    0,0,255,0,0,0,0,0,255,255,0,0,0,0,0,0,0,0,0,255,255,0,0,0,0,0,255,0,0,0,
    0,0,0,0,0,0,0,0,0,0,0,0,0,0,0,0,0,0,0,0,0,0,0,0,0,0,0,0,0,0,0,0,0,0,0,0,
    0,0,0,0,0,0,0,0,0,0,0,0,0,0,0,0,0,0,0,127,0,0,0,0,0,0,0,0,0,0,0,0,0,0,0,
    0,0,0,0,255,0,0,0,0,0,0,0,0,0,0,0,0,0,0,0,0,0,0,0,0,0,0,255,0,0,255,0,0,
    0,0,0,0,0,0,0,0,0,0,0,0,0,255,0,0,0,0,0,0,0,0,255,0,0,0,0,0,0,0,0,0,0,0,
    0,0,0,0,0,0,0,0,0,0,0,0,0,0,0,0,0,0,0,0,0,0,0,0,0,0,0,0,0,0,0,0,0,0,0,0,
    0,0,0,0,0,0,0,0,255,0,0,0,0,0,0,0,0,0,0,0,0,0,0,0,0,0,0,0,0,0,0,0,0,0,0,
    0,0,0,0,0,0,0,0,0,0,0,0,0,0,0,0,0,0,0,0,0,0,0,0,0,0,0,0,0,0,0,0,0,0,0,0,
    0,0,0,0,0,0,0,0,0,0,0,0,0,0,0,0,0,0,0,0,0,127,0,0,0,0,0,0,0,0,0,0,0,0,0,
    0,0,0,0,0,0,255,0,0,0,0,0,0,0,0,0,0,0,0,0,0,0,0,0,0,0,0,0,0,0,255,255,0,
    0,0,0,0,0,0,0,0,0,0,0,0,0,0,0,0,0,0,0,0,0,0,0,0,0,0,0,0,0,0,0,0,0,0,0,0,
    0,0,0,0,0,0,0,0,0,0,0,0,0,0,0,0,0,0,0,0,0,0,0,0,0,0,0,0,0,0,0,0,0,0,0,0,
    0,0,0,0,0,0,0,0,0,0,0,0,0,0,0,0,0,0,0,0,0,0,0,0,0,0,0,0,0,0,0,0,0,0,0,0,
    0,0,0,0,0,0,0,0,0,0,0,0,0,0,0,0,0,0,0,0,0,0,0,0,0,0,0,0,0,0,0,0,0,0,0,0,
    0,0,0,0,0,0,0,0,0,0,0,0,0,0,0,0,0,0,0,0,0,127,127,127,0,127,0,127,127,127,
    0,127,127,127,127,127,127,0,127,127,127,127,127,0,127,127,127,127,127,127,
    127,127,127,0,127,127,127,127,127,0,127,0,127,127,0,127,127,127,0,127,127,
    127,127,127,0,127,127,127,127,127,127,0,127,127,0,127,127,127,0,127,0,127,
    127,127,0,127,127,127,127,0,127,127,127,0,127,127,127,127,0,127,127,127,
    127,0,127,127,127,127,0,127,127,127,127,0,127,127,127,127,0,127,127,127,
    127,0,127,127,127,127,0,127,127,127,127,0,127,127,0,127,127,0,127,127,127,
    127,127,127,0,127,127,127,127,127,127,0,127,127,127,127,127,127,0,127,127,
    127,127,0,0,0,0,0,0,0,0,0,0,0,0,0,0,0,0,0,0,0,0,0,0,0,0,0,0,0,0,0,0,0,0,
    0,0,0,0,0,0,0,0,0,0,0,0,0,0,0,0,0,0,0,0,0,0,0,0,127,0,0,0,0,0,0,0,0,0,0,
    0,0,0,0,0,0,0,0,0,0,0,0,0,0,0,0,0,0,0,0,0,0,0,0,0,0,0,0,0,0,0,0,0,0,0,0,
    0,0,0,0,0,0,0,0,0,0,0,0,0,0,0,0,0,0,0,0,0,0,0,0,0,0,0,0,0,0,0,0,0,0,0,0,
    0,0,0,0,0,0,0,0,0,0,0,0,0,0,0,0,0,0,0,0,0,0,0,0,0,0,0,0,0,0,0,0,0,0,0,0,
    0,0,0,0,0,0,0,0,0,0,0,0,0,0,0,0,0,0,0,0,0,0,0,0,0,0,0,0,0,0,0,0,0,0,0,0,
    0,0,0,0,0,0,0,0,0,0,0,0,0,0,0,0,0,0,0,0,0,0,0,0,0,0,0,0,0,0,0,0,0,0,0,0,
    0,0,0,0,0,0,0,0,0,0,0,0,0,0,0,0,0,0,0,0,127,0,0,0,0,0,0,0,0,0,0,0,0,0,0,
    0,0,0,0,0,0,0,0,0,0,0,0,0,0,0,0,0,0,0,0,0,0,0,0,0,0,0,0,0,0,0,0,0,0,0,0,
    0,0,0,0,0,0,0,0,0,0,0,0,0,0,0,0,0,0,0,0,0,0,0,0,0,0,0,0,0,0,0,0,0,0,0,0,
    0,0,0,0,0,0,0,0,0,0,0,0,0,0,0,0,0,0,0,0,0,0,0,0,0,0,0,0,0,0,0,0,0,0,0,0,
    0,0,0,0,0,0,0,0,0,0,0,0,0,0,0,0,0,0,0,0,0,0,0,0,0,0,0,0,0,0,0,0,0,0,0,0,
    0,0,0,0,0,0,0,0,0,0,0,0,0,0,255,255,0,255,0,0,0,255,255,0,0,0,0,0,0,0,0,
    0,0,0,0,0,0,0,0,0,0,0,0,0,0,0,0,0,0,0,0,0,127,0,0,255,255,255,0,0,0,0,0,
    255,255,0,0,0,255,255,255,0,0,0,0,0,255,255,255,0,0,255,255,255,255,0,0,
    0,255,255,255,255,255,0,255,255,255,255,255,0,0,0,255,255,255,0,0,255,0,
    0,0,0,255,0,255,255,255,0,0,255,255,0,255,0,0,0,255,0,255,0,0,0,255,255,
    0,0,0,255,255,0,255,0,0,0,0,255,0,0,0,255,255,255,0,0,0,255,255,255,255,
    0,0,0,0,255,255,255,0,0,0,255,255,255,255,0,0,0,255,255,255,255,0,255,255,
    255,255,255,0,255,0,0,0,0,255,0,255,0,0,0,0,255,0,255,0,0,255,0,0,255,0,
    255,0,0,255,0,255,0,0,0,255,0,255,255,255,255,0,255,0,0,255,0,0,0,0,255,
    0,0,0,255,0,0,0,0,0,0,0,0,0,0,0,0,0,0,0,0,0,0,0,0,0,0,0,0,0,127,0,255,0,
    0,0,255,0,0,0,0,255,255,0,0,0,255,0,0,255,0,0,0,255,0,0,0,255,0,255,0,0,
    0,255,0,0,255,0,0,0,0,0,255,0,0,0,0,0,0,255,0,0,0,255,0,255,0,0,0,0,255,
    0,0,255,0,0,0,0,255,0,255,0,0,255,0,0,255,0,0,0,255,255,0,0,0,255,255,0,
    255,255,0,0,0,255,0,0,255,0,0,0,255,0,0,255,0,0,0,255,0,0,255,0,0,0,255,
    0,0,255,0,0,0,255,0,255,0,0,0,0,0,0,0,255,0,0,0,255,0,0,0,0,255,0,255,0,
    0,0,0,255,0,255,0,0,255,0,0,255,0,255,0,0,255,0,0,255,0,255,0,0,0,0,0,255,
    0,255,0,0,0,255,0,0,0,255,0,0,255,0,255,0,0,0,0,0,0,0,0,0,0,0,0,0,0,0,0,
    0,0,0,0,0,0,0,0,127,255,0,0,255,255,0,255,0,0,255,0,0,255,0,0,255,0,0,255,
    0,0,255,0,0,0,0,0,0,255,0,0,0,0,255,0,255,0,0,0,0,0,255,0,0,0,0,0,255,0,
    0,0,0,0,0,255,0,0,0,0,255,0,0,255,0,0,0,0,255,0,255,0,255,0,0,0,255,0,0,
    0,255,0,255,0,255,0,255,0,255,0,255,0,0,255,0,255,0,0,0,0,0,255,0,255,0,
    0,0,255,0,255,0,0,0,0,0,255,0,255,0,0,0,255,0,255,0,0,0,0,0,0,0,255,0,0,
    0,255,0,0,0,0,255,0,255,0,0,0,0,255,0,255,0,255,0,255,0,255,0,0,255,255,
    0,0,0,255,0,255,0,0,0,0,255,0,0,255,0,0,0,255,0,0,0,255,0,255,0,0,0,255,
    0,0,0,0,0,0,0,0,0,0,0,0,0,0,0,0,0,0,0,0,0,0,0,127,255,0,255,0,255,0,255,
    0,0,255,0,0,255,0,0,255,255,255,255,0,0,255,0,0,0,0,0,0,255,0,0,0,0,255,
    0,255,255,255,255,0,0,255,255,255,255,0,0,255,0,0,255,255,255,0,255,255,
    255,255,255,255,0,0,255,0,0,0,0,255,0,255,255,0,0,0,0,255,0,0,0,255,0,255,
    0,255,0,255,0,255,0,0,255,0,255,0,255,0,0,0,0,0,255,0,255,0,0,0,255,0,255,
    0,0,0,0,0,255,0,255,255,255,255,0,0,0,255,255,255,0,0,0,0,255,0,0,0,255,
    0,0,0,0,255,0,0,255,0,0,255,0,0,255,0,255,0,255,0,255,0,0,255,255,0,0,0,
    0,255,0,0,0,0,255,0,0,0,255,0,0,0,255,0,0,0,255,0,0,0,0,0,0,0,0,0,0,0,0,
    0,0,0,0,0,0,0,0,0,0,0,0,0,0,0,0,0,127,255,0,255,0,255,0,255,0,255,255,255,
    255,255,255,0,255,0,0,0,255,0,255,0,0,0,0,0,0,255,0,0,0,0,255,0,255,0,0,
    0,0,0,255,0,0,0,0,0,255,0,0,0,0,255,0,255,0,0,0,0,255,0,0,255,0,0,0,0,255,
    0,255,0,255,0,0,0,255,0,0,0,255,0,0,255,0,0,255,0,255,0,0,0,255,255,0,255,
    0,0,0,0,0,255,0,255,255,255,255,0,0,255,0,0,0,0,0,255,0,255,0,255,0,0,0,
    0,0,0,0,255,0,0,0,255,0,0,0,255,0,0,0,0,255,0,0,255,0,0,255,0,0,255,0,255,
    0,255,0,255,0,0,255,255,0,0,0,0,255,0,0,0,0,255,0,0,0,255,0,0,0,255,0,0,
    0,255,0,0,0,0,0,0,0,0,0,0,0,0,0,0,0,0,0,0,0,0,0,0,0,0,0,0,0,0,0,127,255,
    0,0,255,255,255,0,0,255,0,0,0,0,255,0,255,0,0,0,255,0,0,255,0,0,0,255,0,
    255,0,0,0,255,0,0,255,0,0,0,0,0,255,0,0,0,0,0,0,255,0,0,0,255,0,255,0,0,
    0,0,255,0,0,255,0,0,0,0,255,0,255,0,0,255,0,0,255,0,0,0,255,0,0,255,0,0,
    255,0,255,0,0,0,0,255,0,0,255,0,0,0,255,0,0,255,0,0,0,0,0,0,255,0,0,0,255,
    0,0,255,0,0,255,0,0,0,0,0,0,255,0,0,0,255,0,0,0,255,0,0,0,0,255,0,0,0,255,
    255,0,0,0,0,255,0,0,0,255,0,0,255,0,0,255,0,0,0,255,0,0,0,255,0,0,0,0,255,
    0,0,0,255,0,0,0,255,0,0,0,0,0,0,0,0,0,0,0,0,0,0,0,0,0,0,0,0,0,0,0,0,0,0,
    0,0,0,127,0,255,0,0,0,0,0,0,255,0,0,0,0,255,0,255,255,255,255,0,0,0,0,255,
    255,255,0,0,255,255,255,255,0,0,0,255,255,255,255,255,0,255,0,0,0,0,0,0,
    0,255,255,255,255,0,255,0,0,0,0,255,0,255,255,255,0,255,255,0,0,255,0,0,
    0,255,0,255,255,255,255,255,0,0,0,0,0,255,0,255,0,0,0,0,255,0,0,0,255,255,
    255,0,0,0,255,0,0,0,0,0,0,0,255,255,255,0,0,0,255,0,0,0,255,0,255,255,255,
    255,0,0,0,0,255,0,0,0,0,255,255,255,255,0,0,0,0,255,255,0,0,0,0,255,0,0,
    0,255,0,0,255,0,0,255,0,0,0,255,0,0,0,255,255,255,255,0,255,0,0,0,0,255,
    0,0,255,0,0,0,0,0,0,0,0,0,0,0,0,0,0,0,0,0,0,0,0,0,0,0,0,0,0,0,0,0,127,0,
    0,255,255,255,0,0,0,0,0,0,0,0,0,0,0,0,0,0,0,0,0,0,0,0,0,0,0,0,0,0,0,0,0,
    0,0,0,0,0,0,0,0,0,0,0,0,0,0,0,0,0,0,0,0,0,0,0,0,0,0,0,0,0,0,0,0,0,0,0,0,
    0,0,0,0,0,0,0,0,0,0,0,0,0,0,0,0,0,0,0,0,0,0,0,0,0,0,0,0,0,0,0,0,0,0,0,0,
    0,0,0,0,0,0,255,0,0,0,0,0,0,0,0,0,0,0,0,0,0,0,0,0,0,0,0,0,0,0,0,0,0,0,0,
    0,0,0,0,0,0,0,0,0,0,0,0,0,0,0,0,0,0,0,0,0,0,0,0,0,0,0,0,0,0,0,255,0,0,0,
    0,255,0,0,255,0,0,0,0,0,0,0,0,0,0,0,0,0,0,0,0,0,0,0,0,0,0,0,0,0,0,0,0,0,
    127,0,0,0,0,0,0,0,0,0,0,0,0,0,0,0,0,0,0,0,0,0,0,0,0,0,0,0,0,0,0,0,0,0,0,
    0,0,0,0,0,0,0,0,0,0,0,0,0,0,0,0,0,0,0,0,0,0,0,0,0,0,0,0,0,0,0,0,0,0,0,0,
    0,0,0,0,0,0,0,0,0,0,0,0,0,0,0,0,0,0,0,0,0,0,0,0,0,0,0,0,0,0,0,0,0,0,0,0,
    0,0,0,0,0,0,0,255,255,0,0,0,0,0,0,0,0,0,0,0,0,0,0,0,0,0,0,0,0,0,0,0,0,0,
    0,0,0,0,0,0,0,0,0,0,0,0,0,0,0,0,0,0,0,0,0,0,0,0,0,0,0,0,0,0,0,0,255,255,
    0,0,0,0,0,255,255,0,0,0,0,0,0,0,255,255,255,255,255,255,0,0,0,0,0,0,0,0,
    0,0,0,0,0,0,0,0,0,127,127,127,127,127,127,127,0,127,127,127,127,127,127,
    0,127,127,127,127,127,0,127,127,127,127,127,127,0,127,127,127,127,127,127,
    0,127,127,127,127,127,0,127,127,127,127,127,0,127,127,127,127,127,127,0,
    127,127,127,127,127,127,0,127,127,127,0,127,127,127,0,127,127,127,127,127,
    0,127,127,127,0,127,127,127,127,127,127,127,0,127,127,127,127,127,127,0,
    127,127,127,127,127,127,127,0,127,127,127,127,127,0,127,127,127,127,127,
    127,127,0,127,127,127,127,127,0,127,127,127,127,127,0,127,127,127,127,127,
    0,127,127,127,127,127,127,0,127,127,127,127,127,127,0,127,127,127,127,127,
    127,127,0,127,127,127,127,0,127,127,127,127,127,0,127,127,127,127,0,127,
    127,0,127,127,127,0,127,127,0,127,127,127,127,127,0,127,127,127,127,127,
    0,0,0,0,0,0,0,0,0,0,0,0,0,0,0,0,0,127,0,0,0,0,0,0,0,0,0,0,0,0,0,0,0,0,0,
    0,0,0,0,0,0,0,0,0,0,0,0,0,0,0,0,0,0,0,0,0,0,0,0,0,0,0,0,0,0,0,0,0,0,0,0,
    0,0,0,0,0,0,0,0,0,0,0,0,0,0,0,0,0,0,0,0,0,0,0,0,0,0,0,0,0,0,0,0,0,0,0,0,
    0,0,0,0,0,0,0,0,0,0,0,0,0,0,0,0,0,0,0,0,0,0,0,0,0,0,0,0,0,0,0,0,0,0,0,0,
    0,0,0,0,0,0,0,0,0,0,0,0,0,0,0,0,0,0,0,0,0,0,0,0,0,0,0,0,0,0,0,0,0,0,0,0,
    0,0,0,0,0,0,0,0,0,0,0,0,0,0,0,0,0,0,0,0,0,0,0,0,0,0,0,0,0,0,0,0,0,0,0,0,
    0,0,0,0,0,0,0,0,0,0,0,0,0,127,255,0,0,0,0,0,0,0,0,255,0,0,0,0,0,0,0,0,0,
    0,0,255,0,0,0,0,0,0,0,255,255,0,0,0,0,0,255,0,0,0,0,0,0,0,0,0,255,0,0,0,
    0,255,0,0,0,0,0,0,0,0,0,0,0,0,0,0,0,0,0,0,0,0,0,0,0,0,0,0,0,0,0,0,0,0,0,
    0,0,0,0,0,0,0,0,0,0,0,0,0,0,0,0,0,0,0,0,0,0,0,0,0,0,0,0,0,0,0,0,0,0,0,0,
    0,0,0,0,0,255,0,0,255,0,0,255,0,0,0,0,0,0,0,0,0,0,0,0,0,0,0,0,0,0,0,0,0,
    0,0,0,0,0,0,0,0,0,0,0,0,0,0,0,0,0,0,0,0,0,0,0,0,0,0,0,0,0,0,0,0,0,0,0,0,
    0,0,0,0,0,0,0,0,0,0,0,0,0,0,0,0,0,0,0,0,127,0,255,0,0,0,0,0,0,0,255,0,0,
    0,0,0,0,0,0,0,0,0,255,0,0,0,0,0,0,255,0,0,0,0,0,0,0,255,0,0,0,0,255,0,0,
    255,0,255,0,0,0,0,255,0,0,0,0,0,0,0,0,0,0,0,0,0,0,0,0,0,0,0,0,0,0,0,0,0,
    0,0,0,0,0,0,0,0,0,0,0,0,0,0,0,0,0,0,0,0,0,0,0,0,0,0,0,0,0,0,0,0,0,0,0,0,
    0,0,0,0,0,0,0,0,0,0,0,0,255,0,0,0,255,0,0,0,255,0,0,0,0,0,0,0,0,0,0,4,4,
    4,4,0,0,0,0,0,0,0,0,0,0,0,0,0,0,0,0,0,0,0,0,0,0,0,0,0,0,0,0,0,0,0,0,0,0,
    0,0,0,0,0,0,0,0,0,0,0,0,0,0,0,0,0,0,0,0,0,0,0,0,0,0,0,0,127,0,0,0,0,0,0,
    0,0,0,255,0,0,0,0,0,0,0,0,0,0,0,255,0,0,0,0,0,0,255,0,0,0,0,0,0,0,255,0,
    0,0,0,0,0,0,0,0,255,0,0,0,0,255,0,0,0,0,0,0,0,0,0,0,0,0,0,0,0,0,0,0,0,0,
    0,0,0,0,0,0,0,0,0,0,0,0,0,0,0,0,255,0,0,0,0,0,0,0,0,0,0,0,0,0,0,0,0,0,0,
    0,0,0,0,0,0,0,0,0,0,0,0,0,0,0,0,0,0,255,0,0,0,255,0,0,0,255,0,0,0,0,0,0,
    0,0,0,0,4,4,4,4,12,0,255,0,0,0,0,0,0,0,0,0,0,0,0,0,0,0,0,0,0,0,0,0,0,0,
    0,0,0,0,0,0,0,0,0,0,0,0,0,0,0,0,0,0,0,0,0,0,0,0,0,0,0,0,0,0,0,0,0,0,0,0,
    127,0,0,0,0,0,255,255,0,0,255,255,255,0,0,0,255,255,0,0,255,255,255,0,0,
    255,255,0,0,255,255,255,0,255,255,255,0,255,255,255,0,0,255,0,255,255,0,
    255,0,0,255,0,255,0,255,255,255,0,255,255,0,0,255,255,255,0,0,0,255,255,
    0,0,255,255,255,0,0,0,255,255,255,0,255,0,255,255,255,255,0,255,255,0,255,
    0,0,255,0,255,0,0,0,255,0,255,0,0,255,0,0,255,0,255,0,255,0,255,0,0,0,255,
    0,255,255,255,0,0,255,0,0,0,255,0,0,0,255,0,0,0,0,0,0,0,0,0,0,4,4,4,4,0,
    255,255,0,0,0,0,0,0,0,0,0,0,0,0,0,0,0,0,0,0,0,0,0,0,0,0,0,0,0,0,0,0,0,0,
    0,0,0,0,0,0,0,0,0,0,0,0,0,0,0,0,0,0,0,0,0,0,0,0,0,0,0,127,0,0,0,0,0,0,0,
    255,0,255,0,0,255,0,255,0,0,0,255,0,0,255,0,255,0,0,255,0,255,0,0,255,0,
    0,255,0,255,0,0,255,0,255,0,0,255,0,255,0,255,0,0,255,0,255,0,0,255,0,0,
    255,0,255,0,0,255,0,255,0,0,255,0,255,0,0,255,0,255,0,0,255,0,255,255,0,
    255,0,0,0,255,0,0,255,0,0,255,0,0,255,0,255,0,0,255,0,0,255,0,0,255,0,0,
    255,0,0,0,255,0,255,0,0,0,0,255,0,0,255,0,0,0,255,0,0,0,255,0,0,0,255,255,
    0,0,255,0,0,255,4,4,0,255,255,0,0,0,0,0,0,0,0,0,0,0,0,0,0,0,0,0,0,0,0,0,
    0,0,0,0,0,0,0,0,0,0,0,0,0,0,0,0,0,0,0,0,0,0,0,0,0,0,0,0,0,0,0,0,0,0,0,0,
    0,0,0,127,0,0,0,0,0,255,255,255,0,255,0,0,255,0,255,0,0,0,255,0,0,255,0,
    255,255,255,255,0,255,0,0,255,0,0,255,0,255,0,0,255,0,255,0,0,255,0,255,
    255,0,0,0,255,0,255,0,0,255,0,0,255,0,255,0,0,255,0,255,0,0,255,0,255,0,
    0,255,0,255,0,0,255,0,255,0,0,0,255,0,0,255,0,0,255,0,0,255,0,0,255,0,255,
    0,0,255,0,255,0,255,0,255,0,0,255,0,0,0,255,0,255,0,0,0,255,0,0,255,0,0,
    0,0,255,0,0,0,0,255,0,255,0,0,255,255,0,0,0,255,255,4,255,255,0,4,0,0,0,
    0,0,0,0,0,0,0,0,0,0,0,0,0,0,0,0,0,0,0,0,0,0,0,0,0,0,0,0,0,0,0,0,0,0,0,0,
    0,0,0,0,0,0,0,0,0,0,0,0,0,0,0,0,0,0,0,0,127,0,0,0,0,255,0,0,255,0,255,0,
    0,255,0,255,0,0,0,255,0,0,255,0,255,0,0,0,0,255,0,0,255,0,0,255,0,255,0,
    0,255,0,255,0,0,255,0,255,0,255,0,0,255,0,255,0,0,255,0,0,255,0,255,0,0,
    255,0,255,0,0,255,0,255,0,0,255,0,255,0,0,255,0,255,0,0,0,0,255,0,255,0,
    0,255,0,0,255,0,0,255,0,255,0,0,0,255,255,0,255,255,0,0,0,255,0,0,0,255,
    0,255,0,0,255,0,0,0,0,255,0,0,0,255,0,0,0,255,0,0,0,0,0,0,0,0,0,0,0,255,
    255,255,0,4,4,0,0,0,0,0,0,0,0,0,0,0,0,0,0,0,0,0,0,0,0,0,0,0,0,0,0,0,0,0,
    0,0,0,0,0,0,0,0,0,0,0,0,0,0,0,0,0,0,0,0,0,0,0,0,0,0,0,0,0,0,127,0,0,0,0,
    0,255,255,255,0,255,255,255,0,0,0,255,255,0,0,255,255,255,0,0,255,255,255,
    0,255,0,0,0,255,255,255,0,255,0,0,255,0,255,0,0,255,0,255,0,0,255,0,255,
    0,255,0,0,255,0,0,255,0,255,0,0,255,0,0,255,255,0,0,255,255,255,0,0,0,255,
    255,255,0,255,0,0,255,255,255,0,0,255,0,0,255,255,255,0,0,0,255,0,0,0,0,
    255,0,0,0,255,0,0,255,0,255,0,0,0,255,0,0,0,255,255,255,0,0,255,0,0,0,255,
    0,0,0,255,0,0,0,0,0,0,0,0,0,0,20,0,255,0,4,4,4,0,0,0,0,0,0,0,0,0,0,0,0,
    0,0,0,0,0,0,0,0,0,0,0,0,0,0,0,0,0,0,0,0,0,0,0,0,0,0,0,0,0,0,0,0,0,0,0,0,
    0,0,0,0,0,0,0,0,0,0,0,127,0,0,0,0,0,0,0,0,0,0,0,0,0,0,0,0,0,0,0,0,0,0,0,
    0,0,0,0,0,0,0,0,0,0,0,255,0,0,0,0,0,0,0,0,0,255,0,0,0,0,0,0,0,0,0,0,0,0,
    0,0,0,0,0,0,0,0,0,0,0,0,0,0,255,0,0,0,0,0,0,0,255,0,0,0,0,0,0,0,0,0,0,0,
    0,0,0,0,0,0,0,0,0,0,0,0,0,0,0,0,0,0,0,0,0,0,0,0,0,255,0,0,0,0,0,0,0,0,255,
    0,0,0,255,0,0,0,255,0,0,0,0,0,0,0,0,0,0,4,0,0,0,4,4,4,0,0,0,0,0,0,0,0,0,
    0,0,0,0,0,0,0,0,0,0,0,0,0,0,0,0,0,0,0,0,0,0,0,0,0,0,0,0,0,0,0,0,0,0,0,0,
    0,0,0,0,0,0,0,0,0,0,0,0,0,0,127,0,0,0,0,0,0,0,0,0,0,0,0,0,0,0,0,0,0,0,0,
    0,0,0,0,0,0,0,0,0,0,0,0,255,255,0,0,0,0,0,0,0,0,0,255,0,0,0,0,0,0,0,0,0,
    0,0,0,0,0,0,0,0,0,0,0,0,0,0,0,0,0,0,255,0,0,0,0,0,0,0,255,0,0,0,0,0,0,0,
    0,0,0,0,0,0,0,0,0,0,0,0,0,0,0,0,0,0,0,0,0,0,0,0,0,0,0,0,255,0,0,0,0,0,0,
    0,0,0,0,255,0,0,255,0,0,255,0,0,0,0,0,0,0,0,0,0,0,0,0,0,0,0,0,0,0,0,0,0,
    0,0,0,0,0,0,0,0,0,0,0,0,0,0,0,0,0,0,0,0,0,0,0,0,0,0,0,0,0,0,0,0,0,0,0,0,
    0,0,0,0,0,0,0,0,0,0,0,0,0,0,0,0,0,0,0,0,127,127,127,0,127,127,127,127,0,
    127,127,127,127,0,127,127,127,0,127,127,127,127,0,127,127,127,127,0,127,
    127,0,127,127,127,127,0,127,127,127,127,0,127,0,127,127,0,127,127,127,127,
    0,127,0,127,127,127,127,127,127,127,0,127,127,127,127,0,127,127,127,127,
    0,127,127,127,127,0,127,127,127,127,0,127,127,0,127,127,127,0,127,127,0,
    127,127,127,127,0,127,127,127,127,127,0,127,127,127,127,127,127,127,0,127,
    127,127,0,127,127,127,127,127,0,127,127,127,0,127,127,127,0,127,127,127,
    0,127,127,127,0,127,127,127,127,127,127,0,127,127,127,127,127,127,127,127,
    0,0,0,0,0,0,0,0,0,0,0,0,0,0,0,0,0,0,0,0,0,0,0,0,0,0,0,0,0,0,0,0,0,0,0,0,
    0,0,0,0,0,0,0,0,0,0,0,0,0,0,0,0,0,0,0,0,0,0,0,127,0,0,0,0,0,0,0,0,0,0,0,
    0,0,0,0,0,0,0,0,0,0,0,0,0,0,0,0,0,0,0,0,0,0,0,0,0,0,0,0,0,0,0,0,0,0,0,0,
    0,0,0,0,0,0,0,0,0,0,0,0,0,0,0,0,0,255,0,0,0,0,0,0,0,0,0,0,0,0,0,0,0,0,0,
    0,0,0,0,0,0,0,0,0,255,0,0,0,0,0,0,0,0,0,0,0,0,0,0,0,0,0,0,0,0,0,0,0,0,0,
    0,0,0,0,0,0,0,0,0,0,0,0,0,0,0,0,0,0,0,0,0,0,0,0,0,0,0,0,0,0,0,0,0,0,0,0,
    0,0,0,0,0,0,0,0,0,0,0,0,0,0,0,0,0,0,0,0,0,0,0,0,0,0,0,0,0,0,255,0,255,0,
    0,0,0,0,0,0,0,0,0,0,0,0,0,0,0,0,0,0,0,0,0,0,0,127,0,0,0,0,0,0,0,0,0,0,0,
    0,0,0,0,0,0,0,0,0,0,0,0,0,0,0,0,0,0,0,0,0,0,0,255,0,0,0,0,0,255,0,0,0,0,
    0,255,0,0,0,0,0,0,0,0,0,0,0,0,0,0,0,0,0,0,0,0,0,0,0,0,0,0,0,0,0,0,0,0,0,
    0,0,0,0,0,0,0,0,0,0,0,0,0,0,0,0,0,0,0,0,0,0,0,0,0,0,0,0,0,0,0,0,255,0,0,
    255,255,0,255,0,0,255,0,255,0,0,0,0,0,0,0,0,0,0,0,0,0,0,0,0,0,0,255,255,
    0,255,0,0,0,0,0,0,0,0,255,0,255,0,0,0,0,0,0,0,0,0,0,0,0,0,0,0,0,0,0,0,0,
    0,255,0,255,0,0,0,0,0,0,0,0,0,0,0,0,0,0,0,0,0,0,0,0,0,0,0,0,0,0,0,0,0,127,
    0,255,255,255,0,0,255,255,255,255,255,255,255,0,0,0,0,0,0,255,255,0,0,0,
    0,0,0,0,0,0,0,0,0,0,255,0,0,0,0,0,255,0,0,0,0,255,0,255,0,0,255,255,0,0,
    0,255,0,0,0,0,0,0,0,255,255,255,255,0,0,0,0,0,255,255,255,255,255,255,255,
    0,0,255,255,255,255,255,255,255,0,255,255,255,255,0,0,255,255,255,255,255,
    255,255,0,0,255,255,255,255,255,255,255,0,255,0,0,255,255,0,255,0,0,255,
    0,255,0,0,0,0,0,0,0,0,0,0,0,0,0,0,0,0,0,0,255,0,255,255,255,255,255,0,255,
    0,255,0,0,255,0,0,0,0,0,0,0,0,0,0,0,0,0,0,255,255,255,255,255,255,255,0,
    0,255,0,0,255,0,0,0,255,0,0,0,0,0,0,0,0,0,0,0,0,0,0,0,0,0,0,0,0,0,0,0,127,
    255,0,0,0,0,0,255,0,0,0,0,0,255,0,0,0,0,0,255,0,0,0,0,0,0,0,0,0,0,0,0,0,
    255,255,255,255,255,0,255,255,255,255,255,0,0,0,0,0,0,255,0,0,255,0,255,
    0,0,0,0,0,0,0,255,0,0,0,0,0,0,0,0,255,0,0,0,255,0,0,0,0,0,255,0,0,0,0,0,
    255,0,0,0,0,255,0,0,255,0,0,0,0,0,255,0,0,255,0,0,0,0,0,255,0,0,255,255,
    0,0,255,0,255,255,0,255,0,0,0,0,0,0,0,0,0,0,0,0,0,0,0,0,0,0,0,0,0,0,0,0,
    255,0,0,255,255,255,0,0,0,0,0,0,0,0,0,0,0,0,0,0,0,0,0,255,0,0,0,0,0,255,
    0,0,0,0,0,0,255,0,255,0,0,0,0,0,0,0,0,0,0,0,0,0,0,0,0,0,0,0,0,0,0,0,0,127,
    255,255,255,255,0,0,255,0,0,0,0,0,255,0,0,0,0,0,255,0,0,0,0,0,0,0,0,0,0,
    0,0,0,0,0,255,0,0,0,0,0,255,0,0,0,0,0,0,0,0,255,0,0,255,0,255,0,0,0,0,0,
    0,0,255,0,0,0,0,0,0,255,0,255,0,0,0,255,0,0,0,0,0,255,0,0,0,0,0,255,0,0,
    0,255,0,0,0,255,0,0,0,0,0,255,0,0,255,0,0,0,0,0,255,0,0,0,0,0,0,0,0,0,0,
    0,0,0,0,0,0,0,0,0,0,0,0,0,0,0,0,0,0,0,0,0,0,0,0,0,0,255,0,0,255,0,255,0,
    255,255,255,0,255,0,0,0,255,255,0,255,255,0,0,0,255,0,0,0,0,0,255,0,255,
    255,255,0,0,255,0,255,0,0,0,0,0,0,0,0,0,0,0,0,0,0,0,0,0,0,0,0,0,0,0,0,127,
    255,0,0,0,0,0,255,0,0,0,0,0,255,0,0,0,0,255,255,255,0,0,0,0,0,0,0,0,0,0,
    0,0,0,0,255,0,0,0,255,255,255,255,255,0,0,0,0,0,0,0,255,255,0,255,0,255,
    255,0,255,255,0,0,0,255,255,255,0,0,255,0,0,255,0,0,0,255,255,255,255,0,
    0,255,0,0,0,0,0,255,0,0,255,0,0,0,0,255,0,0,0,0,0,255,0,0,255,0,0,0,0,0,
    255,0,0,0,0,0,0,0,0,0,0,0,0,0,255,255,255,0,0,0,0,0,0,0,0,0,0,0,0,0,0,0,
    0,0,0,0,0,0,0,0,0,0,0,0,255,0,0,0,0,255,0,255,0,0,255,0,0,255,0,0,255,0,
    0,0,0,0,255,0,0,0,255,0,0,0,255,0,0,0,0,0,0,0,0,0,0,0,0,0,0,0,0,0,0,0,0,
    0,0,0,0,0,127,255,255,255,255,0,0,255,0,0,0,0,0,255,0,0,0,0,0,255,0,0,0,
    0,0,0,0,0,0,0,0,0,0,0,0,255,0,0,0,0,0,255,0,0,0,0,0,0,0,0,0,0,0,255,0,255,
    0,0,255,0,0,255,0,0,0,0,0,255,0,255,0,0,255,0,0,0,255,0,0,0,0,0,255,0,0,
    0,0,0,255,0,0,255,0,0,0,0,255,0,0,0,0,0,255,0,0,255,0,0,0,0,0,255,0,0,0,
    0,0,0,0,0,0,0,0,0,0,255,255,255,0,255,255,255,255,0,255,255,255,255,255,
    255,255,255,0,0,0,0,0,0,0,0,0,0,0,0,0,0,255,0,0,0,255,0,255,0,0,255,255,
    255,255,0,0,255,0,0,0,0,0,255,0,0,255,0,0,0,0,255,0,0,0,0,0,0,0,0,0,0,0,
    0,0,0,0,0,0,0,0,0,0,0,0,0,0,127,255,0,0,0,0,0,255,0,0,0,0,0,255,0,0,255,
    0,0,255,0,0,0,255,0,255,0,0,0,0,0,0,0,0,0,255,0,0,0,0,0,255,0,0,0,0,0,0,
    0,0,0,0,0,255,0,255,0,0,255,0,0,255,0,0,0,0,0,255,0,0,255,0,255,0,0,0,255,
    0,0,0,0,0,255,0,0,0,0,0,255,0,255,0,0,0,0,0,255,0,0,0,0,0,255,0,0,255,0,
    0,0,0,0,255,0,0,0,0,0,0,0,0,0,0,0,0,0,255,255,255,0,0,0,0,0,0,0,0,0,0,0,
    0,0,0,0,0,0,0,0,0,0,0,0,0,0,0,0,0,0,255,0,255,0,0,255,0,0,255,0,0,0,0,0,
    255,0,0,0,0,0,255,0,255,0,0,0,0,0,255,0,0,0,0,0,0,0,0,0,0,0,0,0,0,0,0,0,
    0,0,0,0,0,0,0,0,127,0,255,255,255,0,0,255,255,255,255,255,255,255,0,0,255,
    0,255,0,0,0,0,255,0,255,0,255,0,255,0,255,0,0,0,0,0,0,0,0,0,0,0,0,0,0,0,
    0,0,0,0,0,255,0,0,0,255,255,0,255,255,0,0,255,255,255,255,0,0,0,0,0,0,255,
    255,255,255,255,255,255,0,0,255,255,255,255,255,255,255,0,255,255,255,255,
    0,0,255,255,255,255,255,255,255,0,0,255,255,255,255,255,255,255,0,0,0,0,
    0,0,0,0,0,0,0,0,0,0,0,0,0,0,0,0,0,0,0,0,0,0,0,0,0,0,0,0,0,0,0,0,0,0,0,0,
    0,0,0,255,255,255,0,0,0,0,0,255,255,0,255,255,255,0,0,255,255,255,255,255,
    255,255,0,255,255,255,0,0,0,255,0,0,0,0,0,0,0,0,0,0,0,0,0,0,0,0,0,0,0,0,
    0,0,0,0,0,127,0,0,0,0,0,0,0,0,0,0,0,0,0,0,255,0,255,255,0,0,0,255,0,255,
    0,0,0,0,0,0,0,0,0,0,0,0,0,0,0,0,0,0,0,0,0,0,0,0,0,0,0,0,0,0,0,0,0,0,0,0,
    0,0,0,0,0,0,0,0,0,0,0,0,0,0,0,0,0,0,0,0,0,0,0,0,0,0,0,0,0,0,0,0,0,0,0,0,
    0,0,0,0,0,0,0,0,0,0,0,0,0,0,0,0,0,0,0,0,0,0,0,0,0,0,0,0,0,0,0,0,0,0,0,0,
    0,0,0,0,0,0,0,0,0,0,0,0,0,0,0,0,0,0,0,0,0,0,0,0,0,0,0,0,0,0,0,0,0,0,0,0,
    0,0,0,0,0,0,0,0,0,0,0,0,0,0,0,0,0,0,0,0,0,0,0,0,0,0,0,0,0,0,0,0,0,0,0,0,
    0,0,0,0,0,0,127,0,0,0,0,0,0,0,0,0,0,0,0,0,0,0,0,0,0,0,0,0,0,0,0,0,0,0,0,
    0,0,0,0,0,0,0,0,0,0,0,0,0,0,0,0,0,0,0,0,0,0,0,0,0,0,0,0,0,0,0,0,0,0,0,0,
    0,0,0,0,0,0,0,0,0,0,0,0,0,0,0,0,0,0,0,0,0,0,0,0,0,0,0,0,0,0,0,0,0,0,0,0,
    0,0,0,0,0,0,0,0,0,0,0,0,0,0,0,0,0,0,0,0,0,0,0,0,0,0,0,0,0,0,0,0,0,0,0,0,
    0,0,0,0,0,0,0,0,0,0,0,0,0,0,0,0,0,0,0,0,0,0,0,0,0,0,0,0,0,0,0,0,0,0,0,0,
    0,0,0,0,0,0,0,0,0,0,0,0,0,0,0,0,0,0,0,0,0,0,0,0,0,0,0,0,0,0,0,0,0,0,0,0,
    0,0,0,127,127,127,127,0,127,127,127,127,127,127,127,127,0,127,0,127,127,
    127,127,0,127,127,127,127,0,127,127,127,127,127,0,127,127,127,127,127,0,
    127,127,127,127,127,0,127,127,127,127,0,127,127,127,127,127,127,127,127,
    127,127,127,127,0,127,127,127,127,127,0,127,127,0,127,127,127,127,127,127,
    127,127,0,127,127,127,127,127,127,127,127,0,127,127,127,127,0,127,127,127,
    127,127,127,127,127,0,127,127,127,127,127,127,127,127,0,127,0,127,0,127,
    127,127,0,127,127,127,0,127,127,127,0,127,127,127,127,0,127,127,127,127,
    127,127,127,0,127,127,127,127,0,127,127,127,127,127,127,127,0,127,127,127,
    0,127,127,0,127,127,127,127,127,127,127,0,127,127,127,127,127,127,127,127,
    0,127,127,127,0,127,127,127,127,127,0,0,0,0,0,0,0,0,0,0,0,0,0,0,0,0,0,0,
    0,0,0,0,0,127,0,0,0,0,0,0,0,0,0,0,0,0,0,0,0,0,0,0,0,0,0,0,0,0,0,0,0,0,0,
    0,0,0,0,0,0,0,0,0,0,0,0,0,0,0,0,0,0,0,0,0,0,0,0,0,0,0,0,0,0,0,0,0,0,0,0,
    0,0,0,0,0,0,0,0,0,0,0,0,0,0,0,0,0,0,0,0,0,0,0,0,0,0,0,0,0,0,0,0,0,0,0,0,
    0,0,0,0,0,0,0,0,0,0,0,0,0,0,0,0,0,0,0,0,0,0,0,0,0,0,0,0,0,0,0,0,0,0,0,0,
    0,0,0,0,0,0,0,0,0,0,0,0,0,0,0,0,0,0,0,0,0,0,0,0,0,0,0,0,0,0,0,0,0,0,0,0,
    0,0,0,0,0,0,0,0,0,0,0,0,0,0,0,0,0,0,0,0,0,0,0,0,0,0,0,0,0,0,0,0,0,0,0,0,
    0,127,0,0,0,0,0,0,0,0,0,0,0,0,0,0,0,0,0,0,0,0,0,0,0,0,0,0,0,0,0,255,0,0,
    0,0,0,0,0,0,0,0,0,0,0,0,0,0,0,0,0,0,0,0,0,0,0,0,0,0,0,0,0,0,0,0,0,0,0,0,
    0,0,0,0,0,0,0,0,255,255,255,255,255,0,0,0,0,0,0,0,0,0,0,0,0,0,0,0,0,0,0,
    0,0,0,0,255,0,0,0,0,0,0,0,0,0,0,0,0,0,0,0,0,0,0,0,0,0,0,0,0,0,0,0,0,0,0,
    0,0,0,0,0,0,0,0,0,0,0,0,0,0,0,0,0,0,0,0,0,0,0,0,0,0,0,0,0,0,0,0,0,0,0,0,
    0,0,0,0,0,0,0,0,0,0,0,0,0,0,0,0,0,0,0,0,0,0,0,0,0,0,0,0,0,0,0,0,0,0,0,0,
    0,0,0,0,127,0,0,0,0,0,255,0,0,0,255,0,0,0,0,255,255,0,0,0,0,0,0,0,255,0,
    0,0,255,0,255,0,0,255,255,255,0,0,255,0,255,0,0,0,255,255,255,255,0,0,255,
    255,0,0,0,0,0,0,0,0,0,0,0,0,0,0,0,0,0,0,0,255,255,255,255,0,0,0,0,0,0,0,
    0,255,0,0,0,0,0,0,0,0,0,0,255,255,255,0,255,255,255,0,0,255,0,0,0,0,0,0,
    0,0,255,255,255,0,0,0,0,0,0,0,0,0,0,0,255,0,0,255,255,0,0,0,0,0,0,0,0,255,
    0,0,255,0,0,0,0,0,255,0,0,0,255,0,0,0,255,255,255,0,0,255,0,0,0,0,255,0,
    0,0,0,0,0,0,0,0,0,0,0,0,0,0,0,0,0,0,0,0,0,0,0,0,0,0,0,0,0,0,0,0,0,0,0,0,
    0,0,0,0,0,0,0,127,0,0,0,0,0,0,0,0,0,255,0,0,0,255,0,0,0,255,0,0,0,255,0,
    0,255,0,255,0,0,255,0,255,0,0,0,0,0,0,0,0,0,0,255,0,0,0,0,255,0,0,255,255,
    0,0,0,0,0,0,0,0,0,0,0,0,0,0,0,0,0,255,0,0,0,0,255,0,0,0,0,0,0,255,0,255,
    0,0,0,0,255,0,0,0,0,0,0,255,0,0,255,0,0,0,0,0,0,0,0,0,0,0,255,255,0,255,
    0,0,0,0,0,0,0,0,0,0,255,255,0,255,0,0,255,0,0,0,0,0,0,255,255,0,255,0,0,
    0,0,0,255,255,0,0,255,0,0,0,0,0,255,0,0,255,0,0,0,0,0,0,0,0,0,0,0,0,0,0,
    0,0,0,0,0,0,0,0,0,0,0,0,0,0,0,0,0,0,0,0,0,0,0,0,0,0,0,0,0,0,0,0,0,0,0,0,
    127,0,0,0,0,0,255,0,0,255,255,255,0,0,255,0,0,0,0,255,255,255,0,0,0,255,
    0,255,0,0,255,0,255,0,0,0,0,0,0,0,0,0,255,0,0,255,255,0,0,255,255,0,255,
    0,0,255,0,255,0,0,0,0,0,0,0,0,0,0,0,255,0,255,255,255,0,0,255,0,0,0,0,0,
    0,255,0,0,0,0,0,255,0,0,0,0,0,255,0,0,0,0,255,0,0,0,0,0,255,0,0,255,0,255,
    255,0,255,0,0,0,0,0,0,0,0,0,0,0,255,0,255,0,0,255,0,255,0,255,0,0,0,255,
    0,255,0,0,0,0,0,0,255,0,0,255,0,0,0,0,0,0,255,0,255,0,0,0,0,0,255,0,0,0,
    0,0,0,0,0,0,0,0,0,0,0,0,0,0,0,0,0,0,0,0,0,0,0,0,0,0,0,0,0,0,0,0,0,0,0,0,
    0,0,0,0,0,127,0,0,0,0,0,255,0,255,0,255,0,0,255,255,255,0,0,0,255,0,255,
    0,0,0,0,255,0,0,0,0,0,255,255,255,0,0,0,0,0,0,0,255,0,255,0,0,0,0,255,0,
    255,255,0,255,0,255,0,0,0,255,255,255,255,255,0,0,0,0,255,0,255,0,0,255,
    0,255,0,0,0,0,0,0,0,0,0,0,255,255,255,255,255,0,0,255,255,255,0,255,255,
    0,0,0,0,0,0,255,0,0,255,0,255,255,0,255,0,0,255,0,0,0,0,0,0,0,255,255,255,
    0,255,255,0,0,0,255,0,255,0,0,255,255,0,0,255,255,0,0,0,255,0,255,0,255,
    255,0,0,255,255,0,255,0,255,255,0,0,255,0,0,0,0,0,0,0,0,0,0,0,0,0,0,0,0,
    0,0,0,0,0,0,0,0,0,0,0,0,0,0,0,0,0,0,0,0,0,0,0,0,0,0,0,0,0,127,0,0,0,0,0,
    255,0,255,0,255,0,0,0,255,0,0,0,0,255,255,255,0,0,0,255,255,255,0,0,0,0,
    255,0,0,255,0,0,0,0,0,0,255,0,255,0,0,0,0,255,0,0,0,0,255,0,255,0,0,0,0,
    0,0,0,255,0,255,255,0,255,0,255,255,255,0,0,255,0,0,0,0,0,0,0,0,0,0,0,0,
    255,0,0,0,0,0,0,0,0,0,0,0,0,0,0,0,0,255,0,0,255,0,0,255,0,255,0,0,255,0,
    0,0,0,0,0,0,0,0,0,0,0,0,0,0,0,255,0,255,0,0,0,255,0,255,0,255,0,0,0,0,255,
    0,0,0,0,255,0,0,0,255,0,255,0,255,0,255,0,0,0,0,0,0,0,0,0,0,0,0,0,0,0,0,
    0,0,0,0,0,0,0,0,0,0,0,0,0,0,0,0,0,0,0,0,0,0,0,0,0,0,0,0,0,0,127,0,0,0,0,
    0,255,0,255,0,255,0,0,0,255,0,0,0,255,0,0,0,255,0,0,0,255,0,0,0,255,0,0,
    255,255,255,0,0,0,0,0,0,255,0,0,255,255,0,0,255,0,0,0,0,0,255,0,255,0,0,
    0,0,0,0,255,0,0,0,0,255,0,255,0,0,255,0,255,0,0,0,0,0,0,0,0,0,0,0,0,127,
    0,0,0,0,0,0,0,0,0,0,0,0,0,0,0,0,255,0,0,255,0,0,255,0,255,0,0,0,0,0,0,0,
    0,0,0,0,0,0,0,0,0,0,0,255,0,255,0,0,0,0,255,0,255,255,255,255,0,0,0,255,
    0,0,0,255,0,0,0,0,255,0,255,255,255,255,255,0,0,0,0,0,0,0,0,0,0,0,0,0,0,
    0,0,0,0,0,0,0,0,0,0,0,0,0,0,0,0,0,0,0,0,0,0,0,0,0,0,0,0,0,0,0,0,127,0,0,
    0,0,0,255,0,0,255,255,255,0,255,255,255,255,0,0,0,0,0,0,0,0,0,255,0,0,0,
    255,0,0,0,0,255,0,0,0,0,0,0,0,255,0,0,0,0,255,0,0,0,0,0,0,0,0,0,0,0,0,0,
    0,0,0,0,0,0,0,0,255,0,0,0,0,255,0,0,0,0,0,0,0,0,0,0,0,255,255,255,255,255,
    0,0,0,0,0,0,0,0,0,0,0,0,0,0,255,255,255,255,0,0,255,0,255,0,0,0,0,0,0,0,
    0,0,0,0,0,0,0,0,0,0,0,0,0,0,0,0,0,255,0,0,0,0,255,0,0,0,255,0,0,0,255,255,
    255,0,0,255,0,0,0,0,255,0,0,255,255,255,0,0,0,0,0,0,0,0,0,0,0,0,0,0,0,0,
    0,0,0,0,0,0,0,0,0,0,0,0,0,0,0,0,0,0,0,0,0,0,0,0,0,0,0,127,0,0,0,0,0,0,0,
    0,0,255,0,0,0,0,0,0,0,0,0,0,0,0,0,0,0,0,0,0,0,255,0,0,0,0,255,0,0,0,0,0,
    0,0,0,255,255,255,255,0,0,0,0,0,0,0,0,0,0,0,0,0,0,0,0,0,0,0,0,0,0,0,255,
    255,255,255,0,0,0,0,0,0,0,0,0,0,0,0,0,0,0,0,0,0,0,0,0,0,0,0,0,0,0,0,0,0,
    0,255,0,0,0,0,0,255,0,255,0,0,0,0,0,0,255,0,0,0,0,0,0,0,0,0,0,0,0,0,0,0,
    0,0,0,0,0,0,0,0,0,0,0,0,0,0,0,0,0,0,0,0,0,0,0,0,0,0,0,0,0,0,0,0,0,0,0,0,
    0,0,0,0,0,0,0,0,0,0,0,0,0,0,0,0,0,0,0,0,0,0,0,0,0,0,0,0,0,0,0,0,0,0,0,0,
    0,0,127,0,0,0,0,0,0,0,0,0,255,0,0,0,0,0,0,0,0,0,0,0,0,0,0,0,0,0,0,0,255,
    0,255,255,255,0,0,0,0,0,0,0,0,0,0,0,0,0,0,0,0,0,0,0,0,0,0,0,0,0,0,0,0,0,
    0,0,0,0,0,0,0,0,0,0,0,0,0,0,0,0,0,0,0,0,0,0,0,0,0,0,0,0,0,0,0,0,0,0,0,0,
    0,0,0,0,0,0,255,0,0,0,0,0,255,0,255,0,0,0,0,0,255,255,0,0,0,0,0,0,0,0,0,
    0,0,0,0,0,0,0,0,0,0,0,0,0,0,0,0,0,0,0,0,0,0,0,0,0,0,0,0,0,0,0,0,0,0,0,0,
    0,0,0,0,0,0,0,0,0,0,0,0,0,0,0,0,0,0,0,0,0,0,0,0,0,0,0,0,0,0,0,0,0,0,0,0,
    0,0,0,0,0,0,0,0,0,127,127,127,127,0,127,0,127,127,127,127,0,127,127,127,
    127,0,127,127,127,127,127,0,127,127,127,127,127,0,127,0,127,127,127,127,
    0,127,127,127,127,0,127,127,127,127,127,127,127,0,127,127,127,0,127,127,
    127,127,0,127,127,127,127,127,127,0,127,127,0,127,127,127,127,127,127,127,
    0,127,127,127,127,0,127,127,127,127,0,127,127,127,127,127,0,127,127,127,
    127,0,127,127,127,0,127,127,127,0,127,127,127,127,0,127,127,127,127,0,127,
    127,127,0,127,127,127,0,127,127,127,0,127,127,127,127,0,127,127,127,127,
    0,127,127,127,127,127,127,127,127,0,127,127,127,127,127,127,127,127,0,127,
    127,127,127,127,127,127,0,127,127,127,127,0,0,0,0,0,0,0,0,0,0,0,0,0,0,0,
    0,0,0,0,0,0,0,0,0,0,0,0,0,0,0,0,0,0,0,0,0,0,0,0,0,0,0,0,127,0,0,0,255,0,
    0,0,0,0,255,0,0,0,0,0,0,255,0,255,0,0,0,255,0,255,255,0,0,0,255,0,0,255,
    0,0,0,0,255,255,0,0,0,0,0,0,0,0,0,0,0,0,0,0,0,0,0,0,0,0,0,255,0,0,0,0,255,
    0,0,0,0,255,0,255,0,0,0,255,0,255,0,0,0,255,0,0,0,255,0,0,255,0,255,0,255,
    0,255,0,0,0,0,0,0,0,0,0,255,0,255,255,0,0,0,0,0,255,0,0,0,0,0,0,0,255,0,
    0,0,0,0,0,255,0,255,0,0,0,0,0,255,0,255,255,0,0,0,0,255,0,255,0,0,0,0,0,
    0,0,0,0,0,0,0,0,0,0,0,0,0,0,0,0,255,0,0,0,0,0,255,0,0,0,0,0,0,255,0,255,
    0,0,0,255,0,0,255,0,0,0,0,255,0,0,0,0,0,0,0,0,0,0,0,0,0,127,0,0,0,0,0,0,
    0,0,0,0,0,0,0,0,0,0,0,0,0,0,0,0,0,0,0,0,0,0,0,0,0,0,0,0,0,0,255,0,0,255,
    0,0,0,0,0,0,0,0,0,0,0,0,0,0,0,0,0,0,0,0,0,0,0,0,0,0,0,0,0,0,0,0,0,0,0,0,
    0,0,0,0,0,0,0,0,0,0,0,0,0,0,0,0,0,0,0,0,0,0,0,0,0,0,0,0,0,0,0,0,0,0,0,0,
    0,0,0,0,0,0,0,0,0,0,0,0,0,0,0,0,0,0,0,0,0,0,0,0,0,0,0,0,0,0,0,0,0,0,0,0,
    0,0,0,0,0,0,0,0,0,0,0,0,0,0,0,0,0,0,0,0,0,0,0,0,0,0,0,0,0,0,0,0,0,0,0,0,
    0,0,0,0,0,0,0,0,0,0,0,0,0,0,0,0,0,0,0,0,0,0,255,255,0,0,127,0,0,255,255,
    0,0,0,0,0,255,255,0,0,0,0,0,255,255,0,0,0,0,0,255,255,0,0,0,0,0,255,255,
    0,0,0,0,0,255,255,0,0,0,0,0,255,255,255,255,255,0,0,0,255,255,255,0,0,255,
    255,255,255,255,0,255,255,255,255,255,0,255,255,255,255,255,0,255,255,255,
    255,255,0,255,255,255,0,255,255,255,0,255,255,255,0,255,255,255,0,255,255,
    255,255,0,0,0,255,0,0,0,0,255,0,0,0,255,255,255,0,0,0,0,0,255,255,255,0,
    0,0,0,0,255,255,255,0,0,0,0,0,255,255,255,0,0,0,0,0,255,255,255,0,0,0,0,
    0,0,0,0,0,0,0,0,255,255,255,0,255,0,255,0,0,0,0,255,0,255,0,0,0,0,255,0,
    255,0,0,0,0,255,0,255,0,0,0,0,255,0,255,0,0,0,255,0,255,0,0,0,0,255,0,0,
    255,0,127,0,0,255,255,0,0,0,0,0,255,255,0,0,0,0,0,255,255,0,0,0,0,0,255,
    255,0,0,0,0,0,255,255,0,0,0,0,0,255,255,0,0,0,0,255,0,255,0,0,0,0,0,255,
    0,0,0,255,0,255,0,0,0,0,0,255,0,0,0,0,0,255,0,0,0,0,0,255,0,0,0,0,0,0,255,
    0,0,0,255,0,0,0,255,0,0,0,255,0,0,255,0,0,0,255,0,0,255,255,0,0,0,255,0,
    0,255,0,0,0,255,0,0,0,255,0,0,0,255,0,0,0,255,0,0,0,255,0,0,0,255,0,0,0,
    255,0,0,0,255,0,0,0,255,0,0,0,0,0,0,0,0,0,0,255,0,0,0,255,0,0,255,0,0,0,
    0,255,0,255,0,0,0,0,255,0,255,0,0,0,0,255,0,255,0,0,0,0,255,0,0,255,0,255,
    0,0,255,255,255,0,0,255,0,0,255,0,127,0,255,0,0,255,0,0,0,255,0,0,255,0,
    0,0,255,0,0,255,0,0,0,255,0,0,255,0,0,0,255,0,0,255,0,0,0,255,0,0,255,0,
    0,0,255,0,255,0,0,0,0,255,0,0,0,0,0,0,255,0,0,0,0,0,255,0,0,0,0,0,255,0,
    0,0,0,0,255,0,0,0,0,0,0,255,0,0,0,255,0,0,0,255,0,0,0,255,0,0,255,0,0,0,
    0,255,0,255,0,255,0,0,255,0,255,0,0,0,0,0,255,0,255,0,0,0,0,0,255,0,255,
    0,0,0,0,0,255,0,255,0,0,0,0,0,255,0,255,0,0,0,0,0,255,0,0,255,0,0,0,255,
    0,255,0,0,0,255,0,255,0,255,0,0,0,0,255,0,255,0,0,0,0,255,0,255,0,0,0,0,
    255,0,255,0,0,0,0,255,0,0,255,0,255,0,0,255,0,0,255,0,255,0,255,0,0,127,
    0,255,0,0,255,0,0,0,255,0,0,255,0,0,0,255,0,0,255,0,0,0,255,0,0,255,0,0,
    0,255,0,0,255,0,0,0,255,0,0,255,0,0,0,255,0,255,255,255,255,0,255,0,0,0,
    0,0,0,255,255,255,255,0,0,255,255,255,255,0,0,255,255,255,255,0,0,255,255,
    255,255,0,0,0,255,0,0,0,255,0,0,0,255,0,0,0,255,0,0,255,255,255,0,0,255,
    0,255,0,0,255,0,255,0,255,0,0,0,0,0,255,0,255,0,0,0,0,0,255,0,255,0,0,0,
    0,0,255,0,255,0,0,0,0,0,255,0,255,0,0,0,0,0,255,0,0,0,255,0,255,0,0,255,
    0,0,255,0,0,255,0,255,0,0,0,0,255,0,255,0,0,0,0,255,0,255,0,0,0,0,255,0,
    255,0,0,0,0,255,0,0,0,255,0,0,0,255,0,0,255,0,255,0,0,255,0,127,255,255,
    255,255,255,255,0,255,255,255,255,255,255,0,255,255,255,255,255,255,0,255,
    255,255,255,255,255,0,255,255,255,255,255,255,0,255,255,255,255,255,255,
    0,0,255,255,255,0,0,0,0,255,0,0,0,0,0,0,255,0,0,0,0,0,255,0,0,0,0,0,255,
    0,0,0,0,0,255,0,0,0,0,0,0,255,0,0,0,255,0,0,0,255,0,0,0,255,0,0,255,0,0,
    0,0,255,0,255,0,0,0,255,255,0,255,0,0,0,0,0,255,0,255,0,0,0,0,0,255,0,255,
    0,0,0,0,0,255,0,255,0,0,0,0,0,255,0,255,0,0,0,0,0,255,0,0,0,0,255,0,0,0,
    255,0,255,0,0,0,255,0,255,0,0,0,0,255,0,255,0,0,0,0,255,0,255,0,0,0,0,255,
    0,255,0,0,0,0,255,0,0,0,255,0,0,0,255,0,0,255,0,255,0,0,255,0,127,255,0,
    0,0,0,255,0,255,0,0,0,0,255,0,255,0,0,0,0,255,0,255,0,0,0,0,255,0,255,0,
    0,0,0,255,0,255,0,0,0,0,255,0,255,0,0,255,0,0,0,0,0,255,0,0,0,255,0,255,
    0,0,0,0,0,255,0,0,0,0,0,255,0,0,0,0,0,255,0,0,0,0,0,0,255,0,0,0,255,0,0,
    0,255,0,0,0,255,0,0,255,0,0,0,255,0,0,255,0,0,0,0,255,0,0,255,0,0,0,255,
    0,0,0,255,0,0,0,255,0,0,0,255,0,0,0,255,0,0,0,255,0,0,0,255,0,0,0,255,0,
    0,0,255,0,0,0,0,255,0,255,0,0,0,255,0,0,0,255,0,0,255,0,0,0,0,255,0,255,
    0,0,0,0,255,0,255,0,0,0,0,255,0,255,0,0,0,0,255,0,0,0,255,0,0,0,255,255,
    255,0,0,255,0,0,255,0,127,255,0,0,0,0,255,0,255,0,0,0,0,255,0,255,0,0,0,
    0,255,0,255,0,0,0,0,255,0,255,0,0,0,0,255,0,255,0,0,0,0,255,0,255,0,0,255,
    255,255,255,0,0,0,255,255,255,0,0,255,255,255,255,255,0,255,255,255,255,
    255,0,255,255,255,255,255,0,255,255,255,255,255,0,255,255,255,0,255,255,
    255,0,255,255,255,0,255,255,255,0,255,255,255,255,0,0,0,255,0,0,0,0,255,
    0,0,0,255,255,255,0,0,0,0,0,255,255,255,0,0,0,0,0,255,255,255,0,0,0,0,0,
    255,255,255,0,0,0,0,0,255,255,255,0,0,0,0,255,0,0,0,255,0,255,0,255,255,
    255,0,0,0,0,255,255,255,255,0,0,0,255,255,255,255,0,0,0,255,255,255,255,
    0,0,0,255,255,255,255,0,0,0,0,255,0,0,0,255,0,0,0,0,255,0,255,0,0,127,0,
    0,0,0,0,0,0,0,0,0,0,0,0,0,0,0,0,0,0,0,0,0,0,0,0,0,0,0,0,0,0,0,0,0,0,0,0,
    0,0,0,0,0,0,0,0,0,0,0,0,0,0,0,0,0,255,0,0,0,0,0,0,0,0,0,0,0,0,0,0,0,0,0,
    0,0,0,0,0,0,0,0,0,0,0,0,0,0,0,0,0,0,0,0,0,0,0,0,0,0,0,0,0,0,0,0,0,0,0,0,
    0,0,0,0,0,0,0,0,0,0,0,0,0,0,0,0,0,0,0,0,0,0,0,0,0,0,0,0,0,0,0,0,0,0,0,0,
    0,0,0,0,0,0,0,0,0,0,0,0,0,0,0,0,0,0,0,0,0,0,0,0,0,0,0,0,0,0,0,0,0,0,0,0,
    0,0,0,0,0,0,0,0,0,0,0,0,0,0,0,0,0,0,0,0,0,0,0,0,0,0,0,0,0,0,127,0,0,0,0,
    0,0,0,0,0,0,0,0,0,0,0,0,0,0,0,0,0,0,0,0,0,0,0,0,0,0,0,0,0,0,0,0,0,0,0,0,
    0,0,0,0,0,0,0,0,0,0,0,0,0,255,0,0,0,0,0,0,0,0,0,0,0,0,0,0,0,0,0,0,0,0,0,
    0,0,0,0,0,0,0,0,0,0,0,0,0,0,0,0,0,0,0,0,0,0,0,0,0,0,0,0,0,0,0,0,0,0,0,0,
    0,0,0,0,0,0,0,0,0,0,0,0,0,0,0,0,0,0,0,0,0,0,0,0,0,0,0,0,0,0,0,0,0,0,0,0,
    0,0,0,0,0,0,0,0,0,0,0,0,0,0,0,0,0,0,0,0,0,0,0,0,0,0,0,0,0,0,0,0,0,0,0,0,
    0,0,0,0,0,0,0,0,0,0,0,0,0,0,0,0,0,0,0,0,0,0,0,0,0,0,0,0,127,127,127,127,
    127,127,0,127,127,127,127,127,127,0,127,127,127,127,127,127,0,127,127,127,
    127,127,127,0,127,127,127,127,127,127,0,127,127,127,127,127,127,0,127,127,
    127,127,127,127,127,0,127,127,127,127,127,127,0,127,127,127,127,127,0,127,
    127,127,127,127,0,127,127,127,127,127,0,127,127,127,127,127,0,127,127,127,
    0,127,127,127,0,127,127,127,0,127,127,127,0,127,127,127,127,127,127,0,127,
    127,127,127,127,127,0,127,127,127,127,127,127,127,0,127,127,127,127,127,
    127,127,0,127,127,127,127,127,127,127,0,127,127,127,127,127,127,127,0,127,
    127,127,127,127,127,127,0,127,127,127,127,127,127,0,127,127,127,127,127,
    127,127,0,127,127,127,127,127,127,0,127,127,127,127,127,127,0,127,127,127,
    127,127,127,0,127,127,127,127,127,127,0,127,127,127,127,127,0,127,127,127,
    127,0,127,127,127,127,0,127,0,0,0,0,0,0,0,0,0,0,0,0,0,0,0,0,0,0,0,0,0,0,
    0,0,0,0,0,0,0,0,0,0,0,0,0,0,0,0,0,0,0,0,0,0,0,0,0,0,0,0,0,0,0,0,0,0,0,0,
    0,0,0,0,0,0,0,0,0,0,0,0,0,0,0,0,0,0,0,0,0,0,0,0,0,0,0,0,0,0,0,0,0,0,0,0,
    0,0,0,0,0,0,0,0,0,0,0,0,0,0,0,0,0,0,0,0,0,0,0,0,0,0,0,0,0,0,0,0,0,0,0,0,
    0,0,0,0,0,0,0,0,0,0,0,0,0,0,0,0,0,0,0,0,0,0,0,0,0,0,0,0,0,0,0,0,0,0,0,0,
    0,0,0,0,0,0,0,0,0,0,0,0,0,0,0,0,0,0,0,0,0,0,0,0,0,0,0,0,0,0,0,0,0,0,0,0,
    0,0,0,0,0,0,0,0,127,0,255,0,0,0,0,0,0,255,0,0,0,255,0,0,255,255,0,255,0,
    0,0,0,0,0,0,0,255,0,0,0,0,0,0,0,0,0,0,0,0,0,0,0,255,0,0,0,0,0,0,255,0,0,
    0,255,0,0,0,0,0,0,0,255,0,0,0,255,0,255,0,0,0,0,0,0,0,0,0,255,255,0,255,
    0,0,255,0,0,0,0,0,0,255,0,0,0,255,0,0,255,255,0,255,0,0,0,0,0,0,0,0,0,0,
    0,0,0,0,0,0,0,0,0,0,255,0,0,0,0,0,0,255,0,0,0,255,0,0,0,0,0,0,0,0,0,0,255,
    0,0,255,0,0,0,0,0,0,0,0,0,0,0,0,0,0,0,0,0,0,0,0,0,0,0,0,0,0,0,0,0,0,0,0,
    0,0,0,0,0,0,0,0,0,0,0,0,0,0,0,0,0,0,0,0,0,0,0,0,0,0,0,0,0,0,127,0,0,255,
    0,0,0,0,255,0,0,0,255,0,255,0,255,0,255,255,0,0,255,0,255,0,0,255,0,255,
    0,0,0,0,0,0,0,0,0,0,0,0,0,0,0,255,0,0,0,0,255,0,0,0,255,0,255,0,0,255,0,
    255,0,0,255,0,255,0,255,0,255,255,0,255,0,0,255,255,0,255,0,255,255,0,0,
    0,255,0,0,0,0,255,0,0,0,255,0,255,0,255,0,255,255,0,255,0,0,255,0,0,0,0,
    0,0,0,0,0,0,0,0,0,0,0,0,255,0,0,0,0,255,0,0,0,255,0,255,0,0,255,0,255,0,
    0,0,255,0,0,0,255,0,0,0,0,0,255,0,255,0,0,0,0,0,0,0,0,0,0,0,0,0,0,0,0,0,
    0,0,0,0,0,0,0,0,0,0,0,0,0,0,0,0,0,0,0,0,0,0,0,0,0,0,0,0,0,0,0,0,0,0,0,0,
    0,127,0,0,0,0,0,0,0,0,0,0,0,0,0,0,0,0,0,0,0,0,0,0,0,0,0,0,0,255,0,0,0,0,
    0,0,0,0,0,0,0,0,0,0,0,0,0,0,0,0,0,0,0,0,0,0,0,0,0,0,0,0,0,0,0,0,0,0,0,0,
    0,0,0,0,0,0,255,255,0,0,0,0,0,0,0,0,0,0,0,0,0,0,0,0,0,0,0,0,0,0,0,0,0,0,
    0,0,0,0,0,0,0,0,0,255,0,0,0,0,0,0,0,255,0,0,0,0,0,0,0,0,0,0,0,0,0,0,0,0,
    0,0,0,0,0,0,0,0,0,0,0,255,0,0,0,0,0,0,0,0,0,0,0,0,0,0,0,0,0,0,0,0,0,0,0,
    0,0,0,0,0,0,0,0,0,0,0,0,0,0,0,0,0,0,0,0,0,0,0,0,0,0,0,0,0,0,0,0,0,0,0,0,
    0,0,0,127,0,255,255,0,0,0,255,255,0,0,0,255,255,0,0,0,255,255,0,0,0,255,
    255,0,0,0,255,255,0,0,255,255,255,0,255,255,0,0,0,255,255,0,0,255,255,0,
    0,0,255,255,0,0,0,255,255,0,0,0,255,255,0,0,0,255,0,255,0,0,255,0,0,255,
    0,0,0,0,255,0,255,255,255,0,0,0,255,255,0,0,0,255,255,0,0,0,255,255,0,0,
    0,255,255,0,0,0,255,255,0,0,0,0,0,0,0,0,0,0,255,255,255,0,0,255,0,0,255,
    0,255,0,0,255,0,255,0,0,255,0,255,0,0,255,0,255,0,0,0,255,0,255,255,255,
    0,0,255,0,0,0,255,0,0,0,0,0,0,0,0,0,0,0,0,0,0,0,0,0,0,0,0,0,0,0,0,0,0,0,
    0,0,0,0,0,0,0,0,0,0,0,0,0,0,0,0,0,0,0,0,0,0,0,0,0,0,127,0,0,0,255,0,0,0,
    0,255,0,0,0,0,255,0,0,0,0,255,0,0,0,0,255,0,0,0,0,255,0,0,0,0,255,0,0,255,
    0,255,0,0,0,255,0,0,255,0,255,0,0,255,0,255,0,0,255,0,255,0,0,255,0,0,255,
    0,255,0,0,255,0,0,255,0,0,255,255,255,0,255,0,0,255,0,255,0,0,255,0,255,
    0,0,255,0,255,0,0,255,0,255,0,0,255,0,255,0,0,255,0,0,255,255,255,255,255,
    0,255,0,0,255,255,0,255,0,0,255,0,255,0,0,255,0,255,0,0,255,0,255,0,0,255,
    0,0,255,0,255,0,0,255,0,0,255,0,0,255,0,255,0,0,0,0,0,0,0,0,0,0,0,0,0,0,
    0,0,0,0,0,0,0,0,0,0,0,0,0,0,0,0,0,0,0,0,0,0,0,0,0,0,0,0,0,0,0,0,0,0,0,0,
    0,0,0,0,127,0,255,255,255,0,0,255,255,255,0,0,255,255,255,0,0,255,255,255,
    0,0,255,255,255,0,0,255,255,255,0,0,255,255,255,255,255,255,0,255,0,0,0,
    255,255,255,255,0,255,255,255,255,0,255,255,255,255,0,255,255,255,255,0,
    0,255,0,255,0,0,255,0,0,255,0,255,0,0,255,0,255,0,0,255,0,255,0,0,255,0,
    255,0,0,255,0,255,0,0,255,0,255,0,0,255,0,255,0,0,255,0,0,0,0,0,0,0,0,255,
    0,255,0,255,0,255,0,0,255,0,255,0,0,255,0,255,0,0,255,0,255,0,0,255,0,0,
    255,0,255,0,0,255,0,0,255,0,0,255,0,255,0,0,0,0,0,0,0,0,0,0,0,0,0,0,0,0,
    0,0,0,0,0,0,0,0,0,0,0,0,0,0,0,0,0,0,0,0,0,0,0,0,0,0,0,0,0,0,0,0,0,0,0,0,
    0,0,127,255,0,0,255,0,255,0,0,255,0,255,0,0,255,0,255,0,0,255,0,255,0,0,
    255,0,255,0,0,255,0,255,0,0,255,0,0,0,0,255,0,0,0,255,0,0,0,0,255,0,0,0,
    0,255,0,0,0,0,255,0,0,0,0,0,255,0,255,0,0,255,0,0,255,0,255,0,0,255,0,255,
    0,0,255,0,255,0,0,255,0,255,0,0,255,0,255,0,0,255,0,255,0,0,255,0,255,0,
    0,255,0,0,0,0,255,0,0,0,255,255,0,0,255,0,255,0,0,255,0,255,0,0,255,0,255,
    0,0,255,0,255,0,0,255,0,0,255,0,255,0,0,255,0,0,255,0,0,255,0,255,0,0,0,
    0,0,0,0,0,0,0,0,0,0,0,0,0,0,0,0,0,0,0,0,0,0,0,0,0,0,0,0,0,0,0,0,0,0,0,0,
    0,0,0,0,0,0,0,0,0,0,0,0,0,0,0,127,0,255,255,255,0,0,255,255,255,0,0,255,
    255,255,0,0,255,255,255,0,0,255,255,255,0,0,255,255,255,0,0,255,255,0,255,
    255,255,0,0,255,255,0,0,255,255,255,0,0,255,255,255,0,0,255,255,255,0,0,
    255,255,255,0,0,255,0,255,0,0,255,0,0,255,0,0,255,255,0,0,255,0,0,255,0,
    0,255,255,0,0,0,255,255,0,0,0,255,255,0,0,0,255,255,0,0,0,255,255,0,0,0,
    0,0,0,0,0,0,0,255,255,255,0,0,0,255,255,255,0,0,255,255,255,0,0,255,255,
    255,0,0,255,255,255,0,0,0,255,0,0,0,255,255,255,0,0,0,0,255,0,0,0,0,0,0,
    0,0,0,0,0,0,0,0,0,0,0,0,0,0,0,0,0,0,0,0,0,0,0,0,0,0,0,0,0,0,0,0,0,0,0,0,
    0,0,0,0,0,0,0,0,0,0,0,0,0,127,0,0,0,0,0,0,0,0,0,0,0,0,0,0,0,0,0,0,0,0,0,
    0,0,0,0,0,0,0,0,0,0,0,0,0,0,0,0,0,0,0,255,0,0,0,0,0,0,0,0,0,0,0,0,0,0,0,
    0,0,0,0,0,0,0,0,0,0,0,0,0,0,0,0,0,0,0,0,0,0,0,0,0,0,0,0,0,0,0,0,0,0,0,0,
    0,0,0,0,0,0,0,0,0,0,0,0,0,0,0,0,0,0,0,0,0,0,0,255,0,0,0,0,0,0,0,0,0,0,0,
    0,0,0,0,0,0,0,0,0,0,0,0,0,0,0,0,255,0,0,0,255,0,0,0,0,0,0,255,0,0,0,0,0,
    0,0,0,0,0,0,0,0,0,0,0,0,0,0,0,0,0,0,0,0,0,0,0,0,0,0,0,0,0,0,0,0,0,0,0,0,
    0,0,0,0,0,0,0,0,0,0,0,0,0,0,127,0,0,0,0,0,0,0,0,0,0,0,0,0,0,0,0,0,0,0,0,
    0,0,0,0,0,0,0,0,0,0,0,0,0,0,0,0,0,0,0,255,0,0,0,0,0,0,0,0,0,0,0,0,0,0,0,
    0,0,0,0,0,0,0,0,0,0,0,0,0,0,0,0,0,0,0,0,0,0,0,0,0,0,0,0,0,0,0,0,0,0,0,0,
    0,0,0,0,0,0,0,0,0,0,0,0,0,0,0,0,0,0,0,0,0,0,0,0,0,0,0,0,0,0,0,0,0,0,0,0,
    0,0,0,0,0,0,0,0,0,0,0,0,0,0,0,255,0,0,0,0,255,0,0,0,0,0,255,0,0,0,0,0,0,
    0,0,0,0,0,0,0,0,0,0,0,0,0,0,0,0,0,0,0,0,0,0,0,0,0,0,0,0,0,0,0,0,0,0,0,0,
    0,0,0,0,0,0,0,0,0,0,0,0,0,0,0,127,127,127,127,0,127,127,127,127,0,127,127,
    127,127,0,127,127,127,127,0,127,127,127,127,0,127,127,127,127,0,127,127,
    127,127,127,127,127,0,127,127,127,0,127,127,127,127,0,127,127,127,127,0,
    127,127,127,127,0,127,127,127,127,0,127,127,0,127,0,127,127,0,127,127,0,
    127,127,127,127,0,127,127,127,127,0,127,127,127,127,0,127,127,127,127,0,
    127,127,127,127,0,127,127,127,127,0,127,127,127,127,0,127,127,127,127,127,
    127,0,127,127,127,127,127,0,127,127,127,127,0,127,127,127,127,0,127,127,
    127,127,0,127,127,127,127,0,127,127,127,127,127,0,127,127,127,127,0,127,
    127,127,127,127,0,0,0,0,0,0,0,0,0,0,0,0,0,0,0,0,0,0,0,0,0,0,0,0,0,0,0,0,
    0,0,0,0,0,0,0,0,0,0,0,0,0,0,0,0,0,0,0,0,0,0,0,0,0
};
